3 0.806413 0.709277 0.191168 0.133390
1 0.449707 0.153280 0.647461 0.061523
1 0.341309 0.195760 0.430664 0.017578
1 0.335938 0.213338 0.417969 0.015625
1 0.308594 0.229940 0.367188 0.017578
1 0.315430 0.264608 0.380859 0.014648
1 0.368164 0.323690 0.488281 0.097656
1 0.517578 0.484334 0.785156 0.215820
1 0.438965 0.600057 0.633789 0.021484
1 0.339844 0.660116 0.435547 0.065430
1 0.294922 0.735799 0.343750 0.083984
1 0.512695 0.833944 0.779297 0.116211
0 0.235840 0.091268 0.229492 0.025391
0 0.247070 0.109823 0.257813 0.015625
0 0.181152 0.246541 0.118164 0.017578
0 0.196777 0.617635 0.153320 0.013672