5 0.5169388989715669 0.5027789653698161 0.7931034482758621 0.8029072253099615
1 0.24742891712038717 0.11051731509191963 0.24803387779794314 0.014963659683625482
0 0.23321234119782214 0.09127832407011544 0.21960072595281308 0.01923899102180419
0 0.24742891712038717 0.11051731509191963 0.24803387779794314 0.014963659683625482
1 0.23321234119782214 0.09127832407011544 0.21960072595281308 0.01923899102180419
1 0.1793708408953418 0.2466866182129115 0.11070780399274047 0.013681060282171868
1 0.5160314579552329 0.44057289439931596 0.7864488808227466 0.031209918768704575
3 0.8064125831820932 0.7092774690038478 0.191167574107683 0.1333903377511757
1 0.1736237144585602 0.12654980761008977 0.0955837870538415 0.013681060282171868
1 0.2247428917120387 0.7340743907652844 0.20629159104658198 0.01453612654980761
