2 0.17906836055656383 0.07081728712023963 0.2601330913490623 0.044073598630723146
2 0.8656987295825771 0.0740265297389816 0.17785843920145192 0.03508771929824561
5 0.5172413793103449 0.5449293966623877 0.868723532970357 0.06118955926401369
1 0.5846944948578342 0.7186563970902867 0.6152450090744102 0.056910569105691054
1 0.5399274047186933 0.8284124946512623 0.822141560798548 0.028241335044929396
1 0.5396249243799153 0.7961061189559264 0.8215366001209922 0.02781343602909713
1 0.5804597701149425 0.6668806161745828 0.6055656382335148 0.024390243902439025
1 0.14791288566243194 0.32071031236628156 0.12522686025408347 0.013264869490800172
1 0.9280096793708409 0.9497218656397091 0.1306715063520871 0.07317073170731707
0 0.13914095583787053 0.7558836114676937 0.11010284331518451 0.014120667522464698
1 0.17967332123411978 0.12687205819426614 0.2577132486388385 0.012409071459135643
1 0.5765275257108288 0.881471972614463 0.661826981246219 0.013692768506632435
0 0.132486388384755 0.14163457424047926 0.15970961887477314 0.013692768506632435
1 0.1648517846339988 0.771074026529739 0.0647307924984876 0.01198117244330338
1 0.19782214156079855 0.35729567821994007 0.13188142770719904 0.05648267008985879
0 0.11857229280096794 0.49293966623876767 0.06412583182093164 0.013692768506632435
1 0.17543859649122806 0.18720581942661532 0.17664851784633998 0.07317073170731707
3 0.42135511191772534 0.6037655113393239 0.28735632183908044 0.03594351732991014
1 0.4337568058076225 0.20047068891741548 0.18632788868723532 0.04749679075738126
1 0.147307924984876 0.5072742832691485 0.12280701754385964 0.011553273427471117
2 0.5018148820326679 0.12473256311510483 0.9044162129461585 0.050919982884039365
1 0.1693889897156685 0.863714163457424 0.07864488808227466 0.012409071459135643
1 0.5937689050211736 0.4477963200684638 0.5111917725347852 0.057766367137355584
1 0.617664851784634 0.3575096277278562 0.557773744706594 0.056910569105691054
1 0.15486993345432548 0.4105691056910569 0.13793103448275862 0.013264869490800172
1 0.13914095583787053 0.7558836114676937 0.11010284331518451 0.014120667522464698
0 0.0998185117967332 0.4927257167308515 0.10163339382940109 0.014976465554129225
0 0.279491833030853 0.10997004706889174 0.4537205081669691 0.01797175866495507
1 0.5087719298245614 0.1703038083012409 0.3762855414398064 0.01198117244330338
1 0.1957047791893527 0.2535301668806162 0.22565033272837265 0.013264869490800172
1 0.3396854204476709 0.27364142062473257 0.4882032667876588 0.025246041934103552
2 0.895644283121597 0.157466837826273 0.11433756805807622 0.01198117244330338
1 0.5193587416817906 0.16987590928540863 0.35753176043557167 0.013692768506632435
0 0.15486993345432548 0.4105691056910569 0.13793103448275862 0.013264869490800172
1 0.573200241984271 0.3579375267436885 0.6418632788868723 0.056910569105691054
1 0.132486388384755 0.14163457424047926 0.15970961887477314 0.013692768506632435
1 0.8566243194192378 0.1110397946084724 0.18269812462189958 0.017543859649122806
2 0.06170598911070781 0.49293966623876767 0.024198427102238355 0.014548566538296961
2 0.06261343012704174 0.14184852374839538 0.02117362371445856 0.011553273427471117
