5 0.4889397406559878 0.5559105431309904 0.9748283752860412 0.8849840255591054
1 0.07894736842105263 0.3479765708200213 0.15026697177726925 0.01757188498402556
1 0.3703279938977879 0.5804046858359957 0.7360793287566743 0.01703940362087327
1 0.498093058733791 0.4225239616613419 0.9900839054157132 0.039936102236421724
1 0.05377574370709382 0.8501064962726305 0.10297482837528604 0.01757188498402556
1 0.15789473684210525 0.47470713525026625 0.30663615560640733 0.01757188498402556
3 0.864607170099161 0.7566560170394037 0.2433257055682685 0.16826411075612355
1 0.07742181540808543 0.7465388711395101 0.15026697177726925 0.01703940362087327
1 0.15713196033562166 0.4528753993610224 0.30511060259344014 0.01863684771033014
1 0.19069412662090007 0.49547390841320554 0.37681159420289856 0.01863684771033014
0 0.16018306636155608 0.011182108626198083 0.3127383676582761 0.019169329073482427
1 0.09687261632341723 0.8703407880724174 0.18764302059496568 0.01757188498402556
1 0.2154843630816171 0.3687433439829606 0.42028985507246375 0.01757188498402556
1 0.13196033562166284 0.7880724174653887 0.2608695652173913 0.01810436634717785
1 0.31960335621662855 0.538604898828541 0.6331045003813882 0.01863684771033014
1 0.2719298245614035 0.6842385516506923 0.5347063310450039 0.01810436634717785
1 0.09000762776506484 0.6632055378061767 0.17086193745232647 0.01757188498402556
1 0.3138825324180015 0.9736421725239617 0.627765064836003 0.01863684771033014
1 0.13234172387490464 0.7667731629392971 0.2570556826849733 0.01810436634717785
1 0.2349351639969489 0.8908413205537806 0.4668192219679634 0.01810436634717785
1 0.09954233409610984 0.5585729499467519 0.1945080091533181 0.01810436634717785
1 0.15064836003051105 0.2239084132055378 0.28756674294431733 0.01757188498402556
1 0.2486651411136537 0.3900425985090522 0.4881769641495042 0.01863684771033014
1 0.30854309687261633 0.2654419595314164 0.6064073226544623 0.01863684771033014
1 0.14454614797864226 0.7257720979765708 0.28451563691838294 0.01810436634717785
1 0.21586575133485889 0.24440894568690097 0.41952707856598015 0.01703940362087327
1 0.3527841342486651 0.5175718849840255 0.7009916094584286 0.01703940362087327
1 0.06750572082379863 0.03141640042598509 0.12280701754385964 0.01703940362087327
