2 0.17785843920145192 0.0693196405648267 0.2613430127041742 0.043645699614890884
2 0.8644888082274652 0.07359863072314933 0.17664851784633998 0.03508771929824561
5 0.5166364186327889 0.28519469405220366 0.8650937689050212 0.05006418485237484
0 0.09891107078039928 0.5449293966623877 0.10465819721718088 0.014976465554129225
0 0.10465819721718088 0.8887462558836114 0.11857229280096794 0.014548566538296961
1 0.23169993950393225 0.4867351305091998 0.2988505747126437 0.013264869490800172
0 0.09891107078039928 0.3305519897304236 0.10223835450695705 0.014976465554129225
1 0.1781609195402299 0.12473256311510483 0.2558983666061706 0.011553273427471117
0 0.11494252873563218 0.6839965768078733 0.1367211131276467 0.014976465554129225
1 0.6234119782214156 0.9572100984167736 0.5765275257108288 0.022250748823277707
5 0.5117967332123412 0.7834830979888746 0.8747731397459165 0.18656397090286692
1 0.5326678765880217 0.3827556696619598 0.8318209316394435 0.057766367137355584
0 0.15668481548699334 0.34638425331621736 0.15366001209921354 0.012409071459135643
0 0.2779794313369631 0.10890029952931109 0.4531155474894132 0.017543859649122806
0 0.11494252873563218 0.3305519897304236 0.07017543859649122 0.014120667522464698
1 0.3487598306110103 0.5128369704749679 0.4458560193587417 0.03551561831407788
1 0.6218995765275257 0.9283269148480958 0.5771324863883848 0.0329482242190843
1 0.47156684815486993 0.4535729567821994 0.7701149425287356 0.02396234488660676
0 0.13520871143375682 0.13842533162173726 0.17120387174833634 0.013264869490800172
5 0.3487598306110103 0.5128369704749679 0.4458560193587417 0.03551561831407788
0 0.2776769509981851 0.10911424903722722 0.45251058681185724 0.017115960633290545
1 0.13520871143375682 0.13842533162173726 0.17120387174833634 0.013264869490800172
1 0.5090744101633394 0.6080445014976466 0.8777979431336963 0.12237911852802738
1 0.9252873563218391 0.12751390671801455 0.04900181488203267 0.012836970474967908
5 0.5090744101633394 0.6080445014976466 0.8777979431336963 0.12237911852802738
1 0.6128251663641864 0.45378690629011553 0.485178463399879 0.021822849807445442
1 0.8545069570477919 0.110397946084724 0.18572292800967938 0.01797175866495507
1 0.20689655172413793 0.4326059050064185 0.24803387779794314 0.013692768506632435
1 0.15668481548699334 0.34638425331621736 0.15366001209921354 0.012409071459135643
5 0.31276467029643074 0.19597774925117672 0.45977011494252873 0.0975609756097561
1 0.6094978826376286 0.7344886606760804 0.5051421657592257 0.056910569105691054
1 0.1938898971566848 0.39858793324775355 0.05868118572292801 0.02267864783910997
