5 0.49758162031438935 0.15305686190679776 0.8827085852478839 0.07866609662248825
0 0.20858524788391777 0.05408294142796067 0.29866989117291415 0.022659256092347157
1 0.48911729141475213 0.8257802479692176 0.8561064087061668 0.02864471996579735
2 0.13512696493349455 0.9506199230440359 0.15296251511487305 0.011543394613082514
2 0.49727932285368803 0.9508336896109448 0.0562273276904474 0.011115861479264643
1 0.24909310761789602 0.7755451047456178 0.37968561064087064 0.04275331338178709
2 0.9274486094316807 0.9508336896109448 0.02781136638452237 0.00940572894399316
0 0.10399032648125756 0.7379221889696451 0.08706166868198308 0.013681060282171868
6 0.25151148730350664 0.09705002137665669 0.38694074969770254 0.011970927746900385
3 0.5214631197097944 0.4897392047883711 0.28476420798065294 0.07567336468576315
1 0.1215235792019347 0.07887986318939717 0.12333736396614269 0.017528858486532708
0 0.10429262394195889 0.4194100042753313 0.08766626360338574 0.013681060282171868
0 0.12333736396614269 0.22231722958529285 0.12575574365175332 0.013681060282171868
6 0.13119709794437726 0.8747327917913639 0.1414752116082225 0.013681060282171868
1 0.08101571946795647 0.9236853356135101 0.04353083434099154 0.012398460880718255
6 0.14207980652962515 0.24903805044890978 0.16324062877871826 0.01410859341598974
0 0.08887545344619105 0.9012398460880718 0.056831922611850064 0.013681060282171868
1 0.1977025392986699 0.4516887558785806 0.279322853688029 0.03206498503634032
1 0.5882708585247884 0.6237708422402736 0.4244256348246675 0.1881145788798632
0 0.07466747279322854 0.7124839675074818 0.02962515114873035 0.012398460880718255
1 0.11033857315598548 0.549807610089782 0.1033857315598549 0.04360837964942283
1 0.07466747279322854 0.7124839675074818 0.02962515114873035 0.012398460880718255
0 0.14207980652962515 0.24903805044890978 0.16324062877871826 0.01410859341598974
0 0.1215235792019347 0.07887986318939717 0.12333736396614269 0.017528858486532708
