5 0.496372430471584 0.2479692176143651 0.8851269649334945 0.26849080803762293
0 0.14117291414752117 0.05408294142796067 0.16384522370012092 0.021804189824711415
2 0.49727932285368803 0.9508336896109448 0.05985489721886336 0.011115861479264643
2 0.13724304715840388 0.9506199230440359 0.15719467956469166 0.011543394613082514
2 0.9298669891172914 0.950192389910218 0.02176541717049577 0.00897819581017529
6 0.25151148730350664 0.09705002137665669 0.38694074969770254 0.011970927746900385
1 0.1215235792019347 0.07887986318939717 0.12333736396614269 0.017528858486532708
0 0.18047158403869407 0.7413424540401881 0.23881499395405079 0.01453612654980761
1 0.09008464328899637 0.7642154766994442 0.06166868198307134 0.013253527148353997
7 0.5290205562273277 0.3993159469858914 0.30350665054413545 0.013681060282171868
5 0.49848851269649336 0.6073108165882856 0.8845223700120919 0.24326635314236852
6 0.13029020556227328 0.8056861906797776 0.13845223700120918 0.01581872595126122
6 0.186819830713422 0.8971782813168021 0.25272067714631197 0.01410859341598974
6 0.12998790810157196 0.46836254809747757 0.13905683192261184 0.014963659683625482
7 0.1568923821039903 0.4142796066695169 0.1977025392986699 0.013681060282171868
1 0.12998790810157196 0.6859769132107738 0.1414752116082225 0.043180846515604956
1 0.5362756952841596 0.864044463445917 0.3192261185006046 0.027362120564343735
5 0.4996977025392987 0.8514322359982899 0.8833131801692866 0.0542967079948696
0 0.20314389359129384 0.6487815305686191 0.282950423216445 0.01410859341598974
0 0.12998790810157196 0.46836254809747757 0.13905683192261184 0.014963659683625482
1 0.5734582829504232 0.6936725096194956 0.7237001209189843 0.05857203933304831
1 0.5716444981862152 0.920478837109876 0.6318016928657799 0.012825994014536126
1 0.6324062877871826 0.9202650705429671 0.5126964933494559 0.013253527148353997
1 0.6544740024183797 0.5711842667806755 0.5640870616686819 0.11799914493373237
7 0.15719467956469166 0.4065840102607952 0.19951632406287786 0.02907225309961522
