3 0.3394800483675937 0.5803762291577598 0.24969770253929868 0.060282171868319794
1 0.1414752116082225 0.6036767849508337 0.13301088270858524 0.015391192817443352
1 0.14207980652962515 0.6280461735784524 0.11487303506650544 0.015391192817443352
1 0.3482466747279323 0.7024369388627618 0.49455864570737607 0.12740487387772553
1 0.16142684401451027 0.16053869174861052 0.18137847642079807 0.014963659683625482
1 0.12575574365175332 0.7766139375801625 0.07980652962515115 0.014963659683625482
1 0.14207980652962515 0.3492945703292005 0.11729141475211609 0.015391192817443352
1 0.4821644498186215 0.804831124412142 0.7926239419588875 0.0337751175716118
2 0.3615477629987908 0.09555365540829415 0.5417170495767836 0.020949123557075674
1 0.27357920193470375 0.4715690466011116 0.3343409915356711 0.10773834972210346
2 0.5178355501813785 0.986746472851646 0.013905683192261185 0.011115861479264643
1 0.16444981862152358 0.5356990166737923 0.17896009673518742 0.016246259085079092
5 0.5 0.2460453185121847 0.8681983071342201 0.1526293287729799
1 0.4996977025392987 0.38584865327062845 0.8542926239419589 0.049166310389055154
0 0.3615477629987908 0.09555365540829415 0.5417170495767836 0.020949123557075674
1 0.33192261185006044 0.8514322359982899 0.4909310761789601 0.01581872595126122
1 0.1466142684401451 0.8879863189397178 0.10701330108827085 0.01453612654980761
3 0.7010278113663845 0.34352287302265927 0.2351874244256348 0.03292005130397606
1 0.2756952841596131 0.8698161607524583 0.37726723095526 0.01581872595126122
1 0.23669891172914148 0.8321932449764857 0.3004836759371221 0.014963659683625482
1 0.9280532043530835 0.9506199230440359 0.13180169286577992 0.07567336468576315
1 0.16233373639661428 0.23685335613510047 0.17714631197097944 0.01453612654980761
1 0.2926239419588875 0.943993159469859 0.38210399032648124 0.015391192817443352
1 0.48035066505441354 0.8324070115433946 0.7902055622732769 0.09149209063702438
1 0.16717049576783555 0.2738349722103463 0.18802902055622733 0.01410859341598974
3 0.7103990326481258 0.4638734501923899 0.24667472793228537 0.06926036767849508
1 0.4144498186215236 0.9072253099615221 0.6414752116082225 0.015391192817443352
0 0.14207980652962515 0.3492945703292005 0.11729141475211609 0.015391192817443352
1 0.500906892382104 0.19025224454895254 0.8627569528415961 0.03933304831124412
1 0.2672309552599758 0.9621633176571184 0.32889963724304716 0.01581872595126122
1 0.7103990326481258 0.4638734501923899 0.24667472793228537 0.06926036767849508
1 0.3307134220072551 0.6652415562206071 0.44135429262394194 0.015391192817443352
