5 0.5178140096618358 0.19381663113006398 0.8182367149758454 0.18720682302771854
1 0.5033212560386473 0.7343283582089553 0.7650966183574879 0.05373134328358209
1 0.5030193236714976 0.6718550106609809 0.7657004830917874 0.06865671641791045
1 0.4876207729468599 0.35735607675906184 0.7445652173913043 0.03411513859275053
1 0.5030193236714976 0.4257995735607676 0.7717391304347826 0.034541577825159916
0 0.17481884057971014 0.39232409381663114 0.11654589371980677 0.018763326226012792
2 0.7817028985507246 0.9240938166311301 0.12741545893719808 0.01535181236673774
1 0.5015096618357487 0.5411513859275053 0.7638888888888888 0.05287846481876333
1 0.3052536231884058 0.6119402985074627 0.37379227053140096 0.017057569296375266
0 0.20199275362318841 0.7805970149253731 0.16243961352657005 0.019189765458422176
2 0.23248792270531402 0.9281449893390192 0.2028985507246377 0.01577825159914712
0 0.1766304347826087 0.5865671641791045 0.11654589371980677 0.019189765458422176
2 0.9716183574879227 0.48933901918976547 0.05676328502415459 0.13347547974413645
1 0.2261473429951691 0.6304904051172708 0.2143719806763285 0.01577825159914712
1 0.3686594202898551 0.5059701492537313 0.49577294685990336 0.01577825159914712
1 0.8487318840579711 0.07121535181236674 0.0646135265700483 0.01535181236673774
1 0.21618357487922704 0.8317697228144989 0.17632850241545894 0.06865671641791045
2 0.8487318840579711 0.07121535181236674 0.0646135265700483 0.01535181236673774
7 0.21618357487922704 0.31321961620469085 0.2041062801932367 0.053304904051172705
1 0.5060386473429952 0.838592750533049 0.7572463768115942 0.08656716417910448
2 0.196256038647343 0.07078891257995736 0.14855072463768115 0.045202558635394456
0 0.196256038647343 0.07078891257995736 0.14855072463768115 0.045202558635394456
1 0.1766304347826087 0.5865671641791045 0.11654589371980677 0.019189765458422176
1 0.5984299516908212 0.8639658848614072 0.5555555555555556 0.034968017057569294
1 0.5335144927536232 0.47078891257995736 0.663647342995169 0.0162046908315565
1 0.3704710144927536 0.4886993603411514 0.5054347826086957 0.01535181236673774
1 0.4960748792270531 0.47078891257995736 0.7590579710144928 0.05202558635394456
1 0.6008454106280193 0.8202558635394457 0.5688405797101449 0.050746268656716415
1 0.20199275362318841 0.7805970149253731 0.16243961352657005 0.019189765458422176
1 0.5990338164251208 0.8639658848614072 0.5555555555555556 0.034968017057569294
1 0.4396135265700483 0.45245202558635395 0.6413043478260869 0.014498933901918977
1 0.1926328502415459 0.3307036247334755 0.1570048309178744 0.01577825159914712
