5 0.43496672716273443 0.6345166809238666 0.8336358136721113 0.13045337895637296
2 0.7782819116757411 0.09281437125748503 0.12764670296430733 0.01283147989734816
2 0.7924984875983061 0.9191616766467066 0.1500302480338778 0.01454234388366125
1 0.43920145190562615 0.38280581693755344 0.838475499092559 0.030795551753635585
2 0.20326678765880218 0.0872540633019675 0.3666061705989111 0.02480752780153978
1 0.4092558983666062 0.2393071000855432 0.2558983666061706 0.014970059880239521
1 0.514216575922565 0.28421727972626176 0.46581972171808833 0.014970059880239521
1 0.1485178463399879 0.481180496150556 0.25831820931639443 0.01454234388366125
0 0.07017543859649122 0.7589820359281437 0.10405323653962492 0.014970059880239521
1 0.06836055656382335 0.2773738237810094 0.0955837870538415 0.02951240376390077
1 0.1569872958257713 0.4356287425149701 0.2764670296430732 0.014970059880239521
0 0.05384150030248034 0.36056458511548334 0.0677555958862674 0.01283147989734816
1 0.0692679975801573 0.2322497861420017 0.09497882637628555 0.0290846877673225
0 0.05323653962492438 0.42065868263473055 0.06896551724137931 0.013259195893926433
1 0.1969147005444646 0.8041060735671514 0.35753176043557167 0.01454234388366125
1 0.3781004234724743 0.8494439692044482 0.661826981246219 0.015397775876817793
0 0.11675741076830005 0.514114627887083 0.1899576527525711 0.0213857998289136
1 0.5607985480943739 0.14093242087254063 0.5565638233514821 0.02951240376390077
1 0.09891107078039928 0.3229255774165954 0.15910465819721717 0.029940119760479042
1 0.08015728977616456 0.5483319076133447 0.12280701754385964 0.01454234388366125
0 0.10647307924984876 0.7251924721984602 0.0955837870538415 0.020958083832335328
1 0.09951603145795523 0.1343028229255774 0.15547489413188142 0.013686911890504704
1 0.073502722323049 0.17985457656116338 0.10465819721718088 0.044054747647562016
0 0.03932244404113733 0.7895637296834902 0.04234724742891712 0.01283147989734816
0 0.06957047791893527 0.46578272027373824 0.102843315184513 0.013686911890504704
1 0.05565638233514821 0.8346877673224978 0.07380520266182698 0.013259195893926433
6 0.08015728977616456 0.5483319076133447 0.12280701754385964 0.01454234388366125
1 0.5238959467634604 0.19439692044482465 0.48154869933454325 0.014970059880239521
0 0.05565638233514821 0.8346877673224978 0.07380520266182698 0.013259195893926433
1 0.5251058681185723 0.17942686056458512 0.4863883847549909 0.04491017964071856
1 0.03932244404113733 0.7895637296834902 0.04234724742891712 0.01283147989734816
1 0.06957047791893527 0.46578272027373824 0.102843315184513 0.013686911890504704
1 0.39443436176648516 0.16424294268605646 0.22141560798548093 0.013686911890504704
2 0.4361766485178463 0.7251924721984602 0.8275862068965517 0.024379811804961505
1 0.147307924984876 0.4739093242087254 0.26073805202661826 0.029940119760479042
1 0.07017543859649122 0.7589820359281437 0.10405323653962492 0.014970059880239521
1 0.3777979431336963 0.179213002566296 0.1881427707199032 0.013686911890504704
1 0.19721718088324258 0.7972626176218991 0.35813672111312767 0.028229255774165955
1 0.19751966122202058 0.7976903336184773 0.3599516031457955 0.0290846877673225
1 0.09921355111917725 0.3304106073567151 0.15849969751966123 0.014114627887082978
