3 0.28039927404718695 0.6775780915703894 0.17483363581367212 0.06290115532734275
2 0.19721718088324258 0.06718014548566538 0.205686630369026 0.029097133076593923
0 0.2014519056261343 0.38660676080445017 0.22988505747126436 0.02011125374411639
5 0.48911070780399274 0.24197689345314505 0.7931034482758621 0.2314933675652546
1 0.13641863278886873 0.7319212665810869 0.0998185117967332 0.013264869490800172
2 0.7434966727162734 0.06953359007274283 0.2577132486388385 0.029525032092426188
1 0.2250453720508167 0.766367137355584 0.279491833030853 0.04792468977321352
1 0.117664851784634 0.6390671801454857 0.056261343012704176 0.013264869490800172
1 0.1206896551724138 0.8172871202396235 0.07320024198427103 0.013692768506632435
0 0.24168179068360557 0.11489088575096278 0.2958257713248639 0.019255455712451863
0 0.14519056261343014 0.430252460419341 0.10526315789473684 0.014120667522464698
1 0.1557773744706594 0.5530594779632007 0.12643678160919541 0.013264869490800172
1 0.20235934664246824 0.5701754385964912 0.2220205686630369 0.013264869490800172
1 0.2894736842105263 0.5881471972614463 0.3986690865093769 0.014120667522464698
1 0.12250453720508167 0.6215233204963628 0.06715063520871144 0.013264869490800172
0 0.14640048396854205 0.5361574668378263 0.11252268602540835 0.013692768506632435
1 0.18058076225045372 0.4818142918271288 0.17725347852389595 0.013692768506632435
1 0.18330308529945555 0.4475823705605477 0.17785843920145192 0.012836970474967908
2 0.4688445251058681 0.940094137783483 0.09921355111917725 0.014548566538296961
1 0.20054446460980035 0.8341891313649978 0.07199032062915911 0.013264869490800172
2 0.7434966727162734 0.06953359007274283 0.2589231699939504 0.029525032092426188
1 0.15789473684210525 0.4644843816859221 0.12825166364186327 0.013264869490800172
4 0.4688445251058681 0.940094137783483 0.09921355111917725 0.014548566538296961
1 0.1645493042952208 0.24133504492939667 0.1306715063520871 0.012836970474967908
3 0.4032062915910466 0.8155755241762944 0.21718088324258925 0.05733846812152332
1 0.14640048396854205 0.5361574668378263 0.11252268602540835 0.013692768506632435
1 0.279491833030853 0.9129225502781344 0.23472474289171205 0.012409071459135643
3 0.34059286146400486 0.8547282841249465 0.35813672111312767 0.1279418057338468
1 0.9289171203871749 0.9505776636713735 0.13127646702964307 0.07659392383397519
