2 0.1957047791893527 0.06632434745400086 0.20508166969147004 0.029097133076593923
2 0.7416817906836055 0.06824989302524605 0.2577132486388385 0.02866923406076166
0 0.21082879612825167 0.6206675224646984 0.2631578947368421 0.020967051775780916
0 0.1793708408953418 0.8108686350021395 0.20871143375680581 0.02053915275994865
2 0.4691470054446461 0.9394522892597347 0.09860859044162129 0.014120667522464698
0 0.16575922565033274 0.16944801026957637 0.06896551724137931 0.014548566538296961
5 0.4767090139140956 0.7287120239623449 0.7973381730187538 0.10526315789473684
6 0.16545674531155474 0.6670945656824989 0.1736237144585602 0.014548566538296961
5 0.4788263762855414 0.3333333333333333 0.7931034482758621 0.519469405220368
1 0.24803387779794314 0.8688489516474112 0.33272837265577737 0.04920838682071031
1 0.15940713853599517 0.3917415489944373 0.06836055656382335 0.014120667522464698
1 0.38596491228070173 0.41014120667522463 0.4307320024198427 0.014976465554129225
1 0.3623714458560194 0.35836542575952074 0.37870538415003024 0.04749679075738126
1 0.34633998790078646 0.12173727000427899 0.33575317604355714 0.07744972186563971
3 0.515124016938899 0.8361146769362431 0.18935269207501512 0.11210954214805306
0 0.15940713853599517 0.3917415489944373 0.06836055656382335 0.014120667522464698
0 0.16152450090744103 0.3232777064612751 0.06896551724137931 0.014120667522464698
1 0.2713248638838475 0.9201968335472829 0.38052026618269813 0.014976465554129225
1 0.2779794313369631 0.1210954214805306 0.19419237749546278 0.012836970474967908
1 0.294010889292196 0.09135643988018828 0.22746521476104054 0.013264869490800172
1 0.5217785843920145 0.2471116816431322 0.6975196612220206 0.13478818998716302
1 0.34603750756200846 0.12152332049636286 0.3339382940108893 0.07616602481814291
1 0.16545674531155474 0.6670945656824989 0.1736237144585602 0.014548566538296961
1 0.31730187537810045 0.13628583654257595 0.2764670296430732 0.013264869490800172
